%YAML:1.0
---
homography_matrix: !!opencv-matrix
   rows: 3
   cols: 3
   dt: d
   data: [ 1.0013556692882923e+00, -2.3356405516901709e-02,
       5.1591400013941344e+00, 6.8335755688830697e-03,
       9.8350470786349953e-01, -1.5049905621791546e+00,
       3.8416530343126043e-05, -7.1793291110401730e-05, 1. ]
homography_mask: !!opencv-matrix
   rows: 134
   cols: 1
   dt: u
   data: [ 1, 1, 1, 1, 1, 1, 1, 1, 1, 1, 1, 1, 1, 1, 1, 1, 1, 1, 1, 1, 1,
       1, 1, 1, 1, 1, 1, 1, 1, 1, 1, 1, 1, 1, 1, 1, 1, 1, 1, 1, 1, 1, 1,
       1, 1, 0, 1, 1, 1, 1, 1, 1, 1, 1, 1, 1, 1, 1, 1, 1, 1, 1, 1, 1, 0,
       1, 1, 1, 1, 1, 1, 1, 1, 1, 1, 0, 1, 1, 0, 0, 1, 1, 1, 1, 1, 1, 1,
       1, 1, 1, 0, 1, 1, 1, 1, 1, 0, 1, 1, 1, 1, 1, 0, 1, 1, 0, 1, 1, 1,
       1, 1, 1, 0, 0, 0, 1, 1, 1, 0, 1, 1, 1, 0, 0, 1, 1, 1, 0, 1, 0, 1,
       0, 1, 0 ]
fundamental_matrix: !!opencv-matrix
   rows: 3
   cols: 3
   dt: d
   data: [ 4.1101886134162330e-07, 1.0912256474349398e-04,
       -1.9109724680378477e-02, -1.0533668165735183e-04,
       8.4492472038051537e-06, 1.5756536674166660e-01,
       1.7631218122600843e-02, -1.6296895491817626e-01, 1. ]
fundamental_mask: !!opencv-matrix
   rows: 134
   cols: 1
   dt: u
   data: [ 1, 1, 1, 1, 1, 1, 1, 1, 1, 1, 1, 1, 1, 1, 0, 1, 1, 0, 1, 1, 1,
       0, 1, 1, 1, 0, 1, 1, 0, 1, 1, 0, 1, 1, 1, 1, 1, 1, 1, 1, 1, 1, 1,
       1, 0, 0, 1, 1, 1, 1, 0, 1, 1, 1, 0, 1, 1, 1, 0, 1, 1, 1, 1, 1, 0,
       1, 1, 1, 1, 1, 1, 1, 1, 1, 0, 0, 1, 1, 0, 0, 0, 1, 1, 0, 1, 0, 1,
       1, 1, 1, 0, 1, 1, 1, 0, 1, 0, 0, 0, 1, 1, 0, 0, 0, 1, 0, 1, 1, 0,
       1, 0, 1, 0, 0, 0, 1, 1, 1, 0, 1, 1, 1, 0, 0, 1, 1, 1, 0, 0, 0, 1,
       0, 0, 0 ]
Essential_matrix: !!opencv-matrix
   rows: 3
   cols: 3
   dt: d
   data: [ -1.5544880220234825e-01, -5.3273955638431703e-01,
       -3.0712864232636400e-01, -5.4172971274232107e-01,
       3.6974151770855684e-01, -1.3756218766238648e-01,
       -2.8813223852616426e-01, -1.4018373230975822e-01,
       -2.1429264867909503e-01 ]
Essential_mask: !!opencv-matrix
   rows: 115
   cols: 1
   dt: u
   data: [ 1, 1, 1, 1, 1, 1, 1, 1, 1, 1, 1, 1, 1, 1, 1, 1, 1, 1, 1, 1, 1,
       1, 1, 1, 1, 1, 1, 1, 1, 1, 1, 1, 1, 1, 1, 1, 1, 1, 1, 1, 1, 1, 1,
       1, 1, 1, 1, 1, 1, 1, 1, 1, 1, 1, 1, 1, 1, 1, 1, 1, 1, 1, 1, 1, 1,
       1, 1, 1, 1, 1, 1, 1, 1, 1, 1, 1, 1, 1, 1, 1, 1, 1, 1, 1, 1, 1, 1,
       1, 1, 1, 1, 1, 1, 1, 1, 1, 1, 1, 1, 1, 1, 1, 1, 1, 1, 1, 1, 1, 1,
       1, 1, 1, 1, 1, 1 ]
R1: !!opencv-matrix
   rows: 3
   cols: 3
   dt: d
   data: [ 5.7524365034668290e-01, -5.2801593138434122e-01,
       6.2473507900561343e-01, -5.0663380148350867e-01,
       -8.2960868560103385e-01, -2.3467343260304024e-01,
       6.4219695882975969e-01, -1.8151750598675501e-01,
       -7.4473784722555647e-01 ]
R2: !!opencv-matrix
   rows: 3
   cols: 3
   dt: d
   data: [ -9.6931113053709828e-01, 2.2220555560835101e-01,
       1.0516949782934489e-01, 2.2220287663077715e-01,
       6.0888017491678204e-01, 7.6150562322960991e-01,
       1.0517515787437731e-01, 7.6150484151454545e-01,
       -6.3956904436972783e-01 ]
t: !!opencv-matrix
   rows: 3
   cols: 1
   dt: d
   data: [ 4.4203219796766369e-01, 3.1905100827369998e-01,
       -8.3834002056409762e-01 ]
K-1: !!opencv-matrix
   rows: 3
   cols: 3
   dt: d
   data: [ 1.6666666666666668e-03, 0., -5.3333333333333333e-01, 0.,
       1.6666666666666668e-03, -4.0000000000000002e-01, 0., 0., 1. ]
points1H: !!opencv-matrix
   rows: 115
   cols: 1
   dt: "3f"
   data: [ 1.37829602e-01, -1.80129975e-01, 1., -3.16422552e-01,
       1.72529787e-01, 1., -3.09539944e-01, 9.33786631e-02, 1.,
       9.43014026e-02, -2.12392077e-01, 1., -3.06701183e-01,
       1.72158748e-01, 1., -4.51240271e-01, 1.94227189e-01, 1.,
       -2.64184088e-01, 9.27339196e-02, 1., 6.55636191e-02,
       -2.29866624e-01, 1., -3.06479007e-01, 1.03303045e-01, 1.,
       -3.06701183e-01, 1.72158748e-01, 1., -2.91066825e-01,
       1.06948406e-01, 1., -2.69783109e-01, 1.77551508e-02, 1.,
       -2.66127795e-01, 4.40439880e-02, 1., -2.88575292e-01,
       1.26768500e-01, 1., -2.51722425e-01, -3.19004387e-01, 1.,
       -2.69783109e-01, 1.77551508e-02, 1., -4.51240271e-01,
       1.94227189e-01, 1., -4.49558616e-01, 1.92235380e-01, 1.,
       -2.55509704e-01, 1.36969477e-01, 1., -2.16633648e-01,
       9.13739204e-03, 1., -3.26629281e-01, 1.81199223e-01, 1.,
       1.94362402e-02, -1.01027846e-01, 1., -2.20518112e-01,
       5.79871237e-02, 1., -2.45250493e-01, 1.78686082e-02, 1.,
       -2.40021795e-01, 1.10601813e-01, 1., -4.49558616e-01,
       1.92235380e-01, 1., -3.04920077e-01, 1.18798465e-01, 1.,
       -2.93492436e-01, 1.88369125e-01, 1., 2.10880339e-01,
       1.71836644e-01, 1., -2.14916408e-01, 1.57739520e-02, 1.,
       -1.35552436e-01, 1.39199197e-02, 1., 4.87460077e-01,
       2.57584125e-01, 1., -2.72948146e-01, 2.97808349e-02, 1.,
       -3.02525401e-01, 1.05654448e-01, 1., -2.38656044e-01,
       6.11612201e-03, 1., -2.20518112e-01, 5.79871237e-02, 1.,
       -2.45439589e-01, 5.02714217e-02, 1., -1.53929710e-01,
       8.62785280e-02, 1., -1.77794844e-01, 2.40483284e-02, 1.,
       -2.32813090e-01, -3.12483311e-03, 1., -2.22865492e-01,
       5.78132272e-03, 1., 1.18071735e-01, 1.41911179e-01, 1.,
       -2.48456478e-01, 1.28481477e-01, 1., 1.79504156e-01,
       1.01602048e-01, 1., -3.86595726e-02, -2.16593742e-01, 1.,
       1.37385368e-01, 1.81870162e-02, 1., -2.58254707e-01,
       8.64341855e-03, 1., 1.67019546e-01, 1.19426280e-01, 1.,
       -1.99669778e-01, 6.50840998e-03, 1., 1.18593156e-01,
       -1.90913156e-01, 1., -2.16633648e-01, 9.13739204e-03, 1.,
       1.58482075e-01, 1.06142670e-01, 1., 1.63874447e-01,
       1.04659647e-01, 1., 8.51066709e-02, -2.18268454e-01, 1.,
       -2.72313088e-01, 1.27659589e-01, 1., -2.35016316e-01,
       2.91925669e-02, 1., 1.58482075e-01, 1.06142670e-01, 1.,
       -4.06810045e-02, -2.41436526e-01, 1., 1.46896601e-01,
       -7.19950795e-02, 1., -2.79821038e-01, 1.82216555e-01, 1.,
       -2.56158710e-01, 2.43860185e-02, 1., 1.80900335e-01,
       1.09900802e-01, 1., 1.76087022e-01, 1.14732891e-01, 1.,
       4.73881900e-01, -2.27414370e-02, 1., -3.44697714e-01,
       1.78047806e-01, 1., -2.42301434e-01, 4.03850377e-02, 1.,
       -2.77986944e-01, 1.36046201e-01, 1., -3.00203502e-01,
       1.00647718e-01, 1., 2.15742648e-01, 5.67906201e-02, 1.,
       -3.29058260e-01, 1.10143691e-01, 1., -1.50730342e-01,
       7.97158480e-03, 1., 2.41869569e-01, 1.04530126e-01, 1.,
       -4.15339798e-01, 1.29972309e-01, 1., -9.86207128e-02,
       -5.69125414e-02, 1., -1.64501697e-01, 3.17678452e-02, 1.,
       -3.44872653e-01, 1.62299603e-01, 1., 2.60155439e-01,
       -1.05911076e-01, 1., -4.74887192e-02, 6.33179247e-02, 1.,
       1.79388821e-01, 7.51667321e-02, 1., -2.84193575e-01,
       1.90799385e-01, 1., 2.74752080e-01, 1.28430396e-01, 1.,
       -2.87449479e-01, 1.86140150e-01, 1., 1.61027491e-01,
       -8.68780911e-02, 1., -1.60502255e-01, 9.68463719e-02, 1.,
       2.36754179e-01, 2.21081972e-02, 1., 1.50070310e-01,
       -7.63995349e-02, 1., -2.92319417e-01, 8.42507482e-02, 1.,
       1.24691010e-01, -1.90365791e-01, 1., -1.45635933e-01,
       1.33612156e-02, 1., 1.54265225e-01, -6.17636740e-02, 1.,
       1.13261223e-01, 9.16567445e-02, 1., 1.40155375e-01,
       1.30455196e-02, 1., -3.03479433e-02, -2.22857341e-01, 1.,
       -2.38047093e-01, 5.55921495e-02, 1., -4.96657491e-02,
       1.26293927e-01, 1., 2.22748339e-01, 2.07059979e-02, 1.,
       2.56476164e-01, -1.01902813e-01, 1., -2.95598119e-01,
       1.15648776e-01, 1., 1.29344463e-01, -1.80103153e-01, 1.,
       -2.80567378e-01, 1.81680709e-01, 1., -2.23606676e-01,
       5.94046712e-03, 1., -1.92299247e-01, 1.50336951e-01, 1.,
       2.48639345e-01, 8.81089866e-02, 1., -1.57699615e-01,
       8.96727145e-02, 1., -4.05202508e-02, -2.20991999e-01, 1.,
       -9.08330977e-02, 3.34219337e-02, 1., -5.11011481e-02,
       -2.13322163e-01, 1., 1.84989214e-01, 9.02700424e-02, 1.,
       -2.55009890e-01, 1.15135610e-02, 1., 1.30051792e-01,
       -1.80343226e-01, 1., -3.02918792e-01, 1.88454598e-01, 1.,
       1.41641617e-01, 1.03873342e-01, 1., -2.15047598e-02,
       -2.26561859e-01, 1., -2.02129334e-01, 2.35533714e-02, 1.,
       1.51200831e-01, 7.99573362e-02, 1. ]
points1: [ 1.37829602e-01, -1.80129975e-01, -3.16422552e-01,
    1.72529787e-01, -3.09539944e-01, 9.33786631e-02, 9.43014026e-02,
    -2.12392077e-01, -3.06701183e-01, 1.72158748e-01, -4.51240271e-01,
    1.94227189e-01, -2.64184088e-01, 9.27339196e-02, 6.55636191e-02,
    -2.29866624e-01, -3.06479007e-01, 1.03303045e-01, -3.06701183e-01,
    1.72158748e-01, -2.91066825e-01, 1.06948406e-01, -2.69783109e-01,
    1.77551508e-02, -2.66127795e-01, 4.40439880e-02, -2.88575292e-01,
    1.26768500e-01, -2.51722425e-01, -3.19004387e-01, -2.69783109e-01,
    1.77551508e-02, -4.51240271e-01, 1.94227189e-01, -4.49558616e-01,
    1.92235380e-01, -2.55509704e-01, 1.36969477e-01, -2.16633648e-01,
    9.13739204e-03, -3.26629281e-01, 1.81199223e-01, 1.94362402e-02,
    -1.01027846e-01, -2.20518112e-01, 5.79871237e-02, -2.45250493e-01,
    1.78686082e-02, -2.40021795e-01, 1.10601813e-01, -4.49558616e-01,
    1.92235380e-01, -3.04920077e-01, 1.18798465e-01, -2.93492436e-01,
    1.88369125e-01, 2.10880339e-01, 1.71836644e-01, -2.14916408e-01,
    1.57739520e-02, -1.35552436e-01, 1.39199197e-02, 4.87460077e-01,
    2.57584125e-01, -2.72948146e-01, 2.97808349e-02, -3.02525401e-01,
    1.05654448e-01, -2.38656044e-01, 6.11612201e-03, -2.20518112e-01,
    5.79871237e-02, -2.45439589e-01, 5.02714217e-02, -1.53929710e-01,
    8.62785280e-02, -1.77794844e-01, 2.40483284e-02, -2.32813090e-01,
    -3.12483311e-03, -2.22865492e-01, 5.78132272e-03, 1.18071735e-01,
    1.41911179e-01, -2.48456478e-01, 1.28481477e-01, 1.79504156e-01,
    1.01602048e-01, -3.86595726e-02, -2.16593742e-01, 1.37385368e-01,
    1.81870162e-02, -2.58254707e-01, 8.64341855e-03, 1.67019546e-01,
    1.19426280e-01, -1.99669778e-01, 6.50840998e-03, 1.18593156e-01,
    -1.90913156e-01, -2.16633648e-01, 9.13739204e-03, 1.58482075e-01,
    1.06142670e-01, 1.63874447e-01, 1.04659647e-01, 8.51066709e-02,
    -2.18268454e-01, -2.72313088e-01, 1.27659589e-01, -2.35016316e-01,
    2.91925669e-02, 1.58482075e-01, 1.06142670e-01, -4.06810045e-02,
    -2.41436526e-01, 1.46896601e-01, -7.19950795e-02, -2.79821038e-01,
    1.82216555e-01, -2.56158710e-01, 2.43860185e-02, 1.80900335e-01,
    1.09900802e-01, 1.76087022e-01, 1.14732891e-01, 4.73881900e-01,
    -2.27414370e-02, -3.44697714e-01, 1.78047806e-01, -2.42301434e-01,
    4.03850377e-02, -2.77986944e-01, 1.36046201e-01, -3.00203502e-01,
    1.00647718e-01, 2.15742648e-01, 5.67906201e-02, -3.29058260e-01,
    1.10143691e-01, -1.50730342e-01, 7.97158480e-03, 2.41869569e-01,
    1.04530126e-01, -4.15339798e-01, 1.29972309e-01, -9.86207128e-02,
    -5.69125414e-02, -1.64501697e-01, 3.17678452e-02, -3.44872653e-01,
    1.62299603e-01, 2.60155439e-01, -1.05911076e-01, -4.74887192e-02,
    6.33179247e-02, 1.79388821e-01, 7.51667321e-02, -2.84193575e-01,
    1.90799385e-01, 2.74752080e-01, 1.28430396e-01, -2.87449479e-01,
    1.86140150e-01, 1.61027491e-01, -8.68780911e-02, -1.60502255e-01,
    9.68463719e-02, 2.36754179e-01, 2.21081972e-02, 1.50070310e-01,
    -7.63995349e-02, -2.92319417e-01, 8.42507482e-02, 1.24691010e-01,
    -1.90365791e-01, -1.45635933e-01, 1.33612156e-02, 1.54265225e-01,
    -6.17636740e-02, 1.13261223e-01, 9.16567445e-02, 1.40155375e-01,
    1.30455196e-02, -3.03479433e-02, -2.22857341e-01, -2.38047093e-01,
    5.55921495e-02, -4.96657491e-02, 1.26293927e-01, 2.22748339e-01,
    2.07059979e-02, 2.56476164e-01, -1.01902813e-01, -2.95598119e-01,
    1.15648776e-01, 1.29344463e-01, -1.80103153e-01, -2.80567378e-01,
    1.81680709e-01, -2.23606676e-01, 5.94046712e-03, -1.92299247e-01,
    1.50336951e-01, 2.48639345e-01, 8.81089866e-02, -1.57699615e-01,
    8.96727145e-02, -4.05202508e-02, -2.20991999e-01, -9.08330977e-02,
    3.34219337e-02, -5.11011481e-02, -2.13322163e-01, 1.84989214e-01,
    9.02700424e-02, -2.55009890e-01, 1.15135610e-02, 1.30051792e-01,
    -1.80343226e-01, -3.02918792e-01, 1.88454598e-01, 1.41641617e-01,
    1.03873342e-01, -2.15047598e-02, -2.26561859e-01, -2.02129334e-01,
    2.35533714e-02, 1.51200831e-01, 7.99573362e-02 ]
points2H: !!opencv-matrix
   rows: 115
   cols: 1
   dt: "3f"
   data: [ 1.54565930e-01, -1.82663098e-01, 1., -3.16189408e-01,
       1.71801895e-01, 1., -3.09314907e-01, 9.14499462e-02, 1.,
       1.11012578e-01, -2.15152085e-01, 1., -3.06844503e-01,
       1.70661598e-01, 1., -4.52715755e-01, 1.94258004e-01, 1.,
       -2.64139205e-01, 9.15754139e-02, 1., 8.15551877e-02,
       -2.31553599e-01, 1., -3.06720436e-01, 1.02064759e-01, 1.,
       -3.06844503e-01, 1.70661598e-01, 1., -2.91262180e-01,
       1.05740756e-01, 1., -2.70214528e-01, 1.63194835e-02, 1.,
       -2.66314656e-01, 4.31454480e-02, 1., -2.88829952e-01,
       1.25635117e-01, 1., -2.49342054e-01, -3.20560098e-01, 1.,
       -2.70214528e-01, 1.63194835e-02, 1., -4.52715755e-01,
       1.94258004e-01, 1., -4.52715755e-01, 1.94258004e-01, 1.,
       -2.55639166e-01, 1.35346025e-01, 1., -2.16837823e-01,
       8.10176134e-03, 1., -3.26524734e-01, 1.79865450e-01, 1.,
       3.64536643e-02, -1.13944143e-01, 1., -2.20797509e-01,
       5.68108559e-02, 1., -2.45894670e-01, 1.65641010e-02, 1.,
       -2.40152836e-01, 1.09534115e-01, 1., -4.52715755e-01,
       1.94258004e-01, 1., -3.05335939e-01, 1.18035942e-01, 1.,
       -2.93502390e-01, 1.86742336e-01, 1., 2.14573443e-01,
       1.74445003e-01, 1., -2.15322733e-01, 1.44998729e-02, 1.,
       -1.36105061e-01, 1.26044750e-02, 1., 4.89422381e-01,
       2.56852299e-01, 1., -2.73408115e-01, 2.90469527e-02, 1.,
       -3.02717090e-01, 1.04516596e-01, 1., -2.38597870e-01,
       4.67935205e-03, 1., -2.20797509e-01, 5.68108559e-02, 1.,
       -2.45434701e-01, 4.91103530e-02, 1., -1.54187143e-01,
       8.52531493e-02, 1., -1.77930146e-01, 2.28345096e-02, 1.,
       -2.33693242e-01, -3.94514203e-03, 1., -2.22776115e-01,
       4.47708368e-03, 1., 1.34301960e-01, 1.38810605e-01, 1.,
       -2.48471111e-01, 1.27202898e-01, 1., 1.79082334e-01,
       1.00424975e-01, 1., -3.79349887e-02, -2.06833988e-01, 1.,
       1.55284762e-01, 1.58616006e-02, 1., -2.58952290e-01,
       7.72729516e-03, 1., 1.66615188e-01, 1.17860049e-01, 1.,
       -1.99353069e-01, 6.13445044e-03, 1., 8.15551877e-02,
       -2.31553599e-01, 1., -2.16837823e-01, 8.10176134e-03, 1.,
       1.58295631e-01, 1.05126232e-01, 1., 1.63790643e-01,
       1.03140980e-01, 1., 1.25014722e-01, -2.01715350e-01, 1.,
       -2.72518218e-01, 1.26369387e-01, 1., -2.35115498e-01,
       2.70528197e-02, 1., 1.58295631e-01, 1.05126232e-01, 1.,
       -4.14602757e-02, -2.33941689e-01, 1., 1.63618863e-01,
       -7.32219219e-02, 1., -2.79592752e-01, 1.80647105e-01, 1.,
       -2.56020874e-01, 2.31078863e-02, 1., 1.80390894e-01,
       1.08569175e-01, 1., 1.75901175e-01, 1.13329738e-01, 1.,
       4.85753953e-01, 1.66775733e-01, 1., -3.44549805e-01,
       1.76309615e-01, 1., -2.42246300e-01, 3.91300023e-02, 1.,
       -2.78763920e-01, 1.34810776e-01, 1., -3.00513744e-01,
       9.93242562e-02, 1., 2.13830173e-01, 5.61918616e-02, 1.,
       -3.29842985e-01, 1.08848006e-01, 1., -1.50495142e-01,
       6.86472654e-03, 1., 2.41353154e-01, 1.04090422e-01, 1.,
       -4.16200250e-01, 1.25144094e-01, 1., 1.45596504e-01,
       2.57201195e-02, 1., -1.64799094e-01, 3.06990147e-02, 1.,
       1.11012578e-01, -2.15152085e-01, 1., 2.55508542e-01,
       -3.73133063e-01, 1., -2.71606445e-02, 6.55222237e-02, 1.,
       1.79358721e-01, 7.35453963e-02, 1., -2.84424007e-01,
       1.89199120e-01, 1., 2.75066018e-01, 1.30551606e-01, 1.,
       -2.87678093e-01, 1.84891969e-01, 1., 1.74477518e-01,
       -8.63141418e-02, 1., -1.60650522e-01, 9.45048034e-02, 1.,
       2.36034036e-01, 2.18964517e-02, 1., -2.54210055e-01,
       1.09115243e-02, 1., -2.92366326e-01, 8.19724500e-02, 1.,
       1.42746627e-01, -1.91916943e-01, 1., -1.45719558e-01,
       1.21561587e-02, 1., 1.71704829e-01, -6.44703209e-02, 1.,
       8.15551877e-02, -2.31553599e-01, 1., 1.56800151e-01,
       1.31529868e-02, 1., -3.79349887e-02, -2.06833988e-01, 1.,
       -2.38352984e-01, 5.41507900e-02, 1., -2.77299881e-02,
       1.22537464e-01, 1., 2.21902907e-01, 2.22293139e-02, 1.,
       1.42746627e-01, -1.91916943e-01, 1., -2.95634449e-01,
       1.14591271e-01, 1., -2.17495203e-01, 1.86475664e-01, 1.,
       -2.79592752e-01, 1.80647105e-01, 1., -2.22776115e-01,
       4.47708368e-03, 1., -2.04257041e-01, 1.68355495e-01, 1.,
       2.48618305e-01, 8.95913243e-02, 1., -1.58105016e-01,
       8.78853500e-02, 1., -1.87831849e-01, 1.55640632e-01, 1.,
       1.54565930e-01, -1.82663098e-01, 1., -3.50724459e-02,
       -2.14103296e-01, 1., 1.84645057e-01, 8.92584324e-02, 1.,
       -2.54210055e-01, 1.09115243e-02, 1., -2.17495203e-01,
       1.86475664e-01, 1., -3.03373575e-01, 1.86920196e-01, 1.,
       1.41366720e-01, 1.02608293e-01, 1., 2.12003767e-01,
       -7.17651844e-03, 1., -2.02050298e-01, 2.25148201e-02, 1.,
       1.50960565e-01, 7.86533654e-02, 1. ]
points2: [ 1.54565930e-01, -1.82663098e-01, -3.16189408e-01,
    1.71801895e-01, -3.09314907e-01, 9.14499462e-02, 1.11012578e-01,
    -2.15152085e-01, -3.06844503e-01, 1.70661598e-01, -4.52715755e-01,
    1.94258004e-01, -2.64139205e-01, 9.15754139e-02, 8.15551877e-02,
    -2.31553599e-01, -3.06720436e-01, 1.02064759e-01, -3.06844503e-01,
    1.70661598e-01, -2.91262180e-01, 1.05740756e-01, -2.70214528e-01,
    1.63194835e-02, -2.66314656e-01, 4.31454480e-02, -2.88829952e-01,
    1.25635117e-01, -2.49342054e-01, -3.20560098e-01, -2.70214528e-01,
    1.63194835e-02, -4.52715755e-01, 1.94258004e-01, -4.52715755e-01,
    1.94258004e-01, -2.55639166e-01, 1.35346025e-01, -2.16837823e-01,
    8.10176134e-03, -3.26524734e-01, 1.79865450e-01, 3.64536643e-02,
    -1.13944143e-01, -2.20797509e-01, 5.68108559e-02, -2.45894670e-01,
    1.65641010e-02, -2.40152836e-01, 1.09534115e-01, -4.52715755e-01,
    1.94258004e-01, -3.05335939e-01, 1.18035942e-01, -2.93502390e-01,
    1.86742336e-01, 2.14573443e-01, 1.74445003e-01, -2.15322733e-01,
    1.44998729e-02, -1.36105061e-01, 1.26044750e-02, 4.89422381e-01,
    2.56852299e-01, -2.73408115e-01, 2.90469527e-02, -3.02717090e-01,
    1.04516596e-01, -2.38597870e-01, 4.67935205e-03, -2.20797509e-01,
    5.68108559e-02, -2.45434701e-01, 4.91103530e-02, -1.54187143e-01,
    8.52531493e-02, -1.77930146e-01, 2.28345096e-02, -2.33693242e-01,
    -3.94514203e-03, -2.22776115e-01, 4.47708368e-03, 1.34301960e-01,
    1.38810605e-01, -2.48471111e-01, 1.27202898e-01, 1.79082334e-01,
    1.00424975e-01, -3.79349887e-02, -2.06833988e-01, 1.55284762e-01,
    1.58616006e-02, -2.58952290e-01, 7.72729516e-03, 1.66615188e-01,
    1.17860049e-01, -1.99353069e-01, 6.13445044e-03, 8.15551877e-02,
    -2.31553599e-01, -2.16837823e-01, 8.10176134e-03, 1.58295631e-01,
    1.05126232e-01, 1.63790643e-01, 1.03140980e-01, 1.25014722e-01,
    -2.01715350e-01, -2.72518218e-01, 1.26369387e-01, -2.35115498e-01,
    2.70528197e-02, 1.58295631e-01, 1.05126232e-01, -4.14602757e-02,
    -2.33941689e-01, 1.63618863e-01, -7.32219219e-02, -2.79592752e-01,
    1.80647105e-01, -2.56020874e-01, 2.31078863e-02, 1.80390894e-01,
    1.08569175e-01, 1.75901175e-01, 1.13329738e-01, 4.85753953e-01,
    1.66775733e-01, -3.44549805e-01, 1.76309615e-01, -2.42246300e-01,
    3.91300023e-02, -2.78763920e-01, 1.34810776e-01, -3.00513744e-01,
    9.93242562e-02, 2.13830173e-01, 5.61918616e-02, -3.29842985e-01,
    1.08848006e-01, -1.50495142e-01, 6.86472654e-03, 2.41353154e-01,
    1.04090422e-01, -4.16200250e-01, 1.25144094e-01, 1.45596504e-01,
    2.57201195e-02, -1.64799094e-01, 3.06990147e-02, 1.11012578e-01,
    -2.15152085e-01, 2.55508542e-01, -3.73133063e-01, -2.71606445e-02,
    6.55222237e-02, 1.79358721e-01, 7.35453963e-02, -2.84424007e-01,
    1.89199120e-01, 2.75066018e-01, 1.30551606e-01, -2.87678093e-01,
    1.84891969e-01, 1.74477518e-01, -8.63141418e-02, -1.60650522e-01,
    9.45048034e-02, 2.36034036e-01, 2.18964517e-02, -2.54210055e-01,
    1.09115243e-02, -2.92366326e-01, 8.19724500e-02, 1.42746627e-01,
    -1.91916943e-01, -1.45719558e-01, 1.21561587e-02, 1.71704829e-01,
    -6.44703209e-02, 8.15551877e-02, -2.31553599e-01, 1.56800151e-01,
    1.31529868e-02, -3.79349887e-02, -2.06833988e-01, -2.38352984e-01,
    5.41507900e-02, -2.77299881e-02, 1.22537464e-01, 2.21902907e-01,
    2.22293139e-02, 1.42746627e-01, -1.91916943e-01, -2.95634449e-01,
    1.14591271e-01, -2.17495203e-01, 1.86475664e-01, -2.79592752e-01,
    1.80647105e-01, -2.22776115e-01, 4.47708368e-03, -2.04257041e-01,
    1.68355495e-01, 2.48618305e-01, 8.95913243e-02, -1.58105016e-01,
    8.78853500e-02, -1.87831849e-01, 1.55640632e-01, 1.54565930e-01,
    -1.82663098e-01, -3.50724459e-02, -2.14103296e-01, 1.84645057e-01,
    8.92584324e-02, -2.54210055e-01, 1.09115243e-02, -2.17495203e-01,
    1.86475664e-01, -3.03373575e-01, 1.86920196e-01, 1.41366720e-01,
    1.02608293e-01, 2.12003767e-01, -7.17651844e-03, -2.02050298e-01,
    2.25148201e-02, 1.50960565e-01, 7.86533654e-02 ]
