%YAML:1.0
---
pointsMass:
   - !!opencv-matrix
      rows: 2
      cols: 195
      dt: d
      data: [ -3.1966623663902283e-01, -2.2734665870666504e-01,
          -3.4251707792282104e-01, 4.4676166772842407e-01,
          -4.5505225658416748e-02, 2.7293241024017334e-01,
          4.1990780830383301e-01, -2.3516827821731567e-01,
          3.3591175079345703e-01, 1.0933971405029297e-01,
          4.2006438970565796e-01, 3.5408824682235718e-01,
          4.7151893377304077e-01, 4.1990780830383301e-01,
          4.5844918489456177e-01, 4.3893492221832275e-01,
          -2.4722528457641602e-01, 1.9447755813598633e-01,
          3.9101082086563110e-01, -3.6524838209152222e-01,
          -4.7953814268112183e-01, -3.1459623575210571e-01,
          -3.3803874254226685e-01, 4.6136140823364258e-01,
          4.6189200878143311e-01, 4.2819416522979736e-01,
          4.1736215353012085e-01, -3.3803874254226685e-01,
          -4.8870250582695007e-01, -1.8810236454010010e-01,
          -4.9626678228378296e-01, -4.5406502485275269e-01,
          4.6698063611984253e-01, 3.4966808557510376e-01,
          1.9447755813598633e-01, -3.9064604043960571e-01,
          -4.3203681707382202e-01, -2.0125582814216614e-01,
          -4.5371007919311523e-01, -3.9758676290512085e-01,
          -2.8853169083595276e-01, -4.7729954123497009e-01,
          9.9112153053283691e-02, 4.1399294137954712e-01,
          -2.3286002874374390e-01, 1.0633254051208496e-01,
          -2.3516827821731567e-01, -1.7008683085441589e-01,
          1.0633254051208496e-01, 4.2358875274658203e-01,
          -2.1085506677627563e-01, -1.3246414065361023e-01,
          -3.9928144216537476e-01, -4.6204996109008789e-01,
          4.7150772809982300e-01, 3.5269629955291748e-01,
          -4.8042106628417969e-01, 1.2348794937133789e-01,
          3.9331758022308350e-01, -7.5419127941131592e-02,
          4.8132926225662231e-01, 1.5357041358947754e-01,
          3.4009540081024170e-01, -3.5560572147369385e-01,
          -1.8538358807563782e-01, -4.8042106628417969e-01,
          3.1498408317565918e-01, 4.2711859941482544e-01,
          -4.7301793098449707e-01, -4.8911881446838379e-01,
          4.7615617513656616e-01, -1.4729517698287964e-01,
          -2.8572195768356323e-01, 3.6628526449203491e-01,
          -1.5085643529891968e-01, 4.2289102077484131e-01,
          3.8976579904556274e-01, 4.8040539026260376e-01,
          4.2006438970565796e-01, -4.4646406173706055e-01,
          -3.6808159947395325e-01, -1.9853198528289795e-01,
          3.9729470014572144e-01, 2.6987630128860474e-01,
          -2.1849381923675537e-01, -3.3808025717735291e-01,
          4.2426455020904541e-01, -1.3221353292465210e-01,
          4.2896342277526855e-01, -2.2437199950218201e-01,
          -3.5560572147369385e-01, 3.0602794885635376e-01,
          4.1903847455978394e-01, 2.7635306119918823e-01,
          9.2471539974212646e-02, 4.6107023954391479e-01,
          5.0507217645645142e-01, 4.2878985404968262e-01,
          4.6747797727584839e-01, 4.2426455020904541e-01,
          4.8680764436721802e-01, 3.1319022178649902e-01,
          4.6574902534484863e-01, 4.3345659971237183e-01,
          -1.5271005034446716e-01, 1.1181205511093140e-01,
          1.5998733043670654e-01, -1.1301428079605103e-01,
          4.0922892093658447e-01, 4.8680764436721802e-01,
          3.8682395219802856e-01, 4.4460397958755493e-01,
          -4.5067191123962402e-02, 9.3395769596099854e-02,
          -1.9234269857406616e-01, 5.0412970781326294e-01,
          4.1197568178176880e-01, 4.1482287645339966e-01,
          4.1903847455978394e-01, -3.9928144216537476e-01,
          4.1903847455978394e-01, -4.8507013916969299e-01,
          -4.7498351335525513e-01, 4.4951862096786499e-01,
          4.4805335998535156e-01, -2.7950996160507202e-01,
          -2.5185501575469971e-01, 5.0742989778518677e-01,
          4.9419981241226196e-01, 4.6067333221435547e-01,
          3.7665534019470215e-01, 4.3451637029647827e-01,
          -4.6413072943687439e-01, -1.8777987360954285e-01,
          1.7271167039871216e-01, 4.2515259981155396e-01,
          4.1318941116333008e-01, 3.3837056159973145e-01,
          -4.6179312467575073e-01, 4.9452775716781616e-01,
          4.0736651420593262e-01, -1.1301428079605103e-01,
          4.0794903039932251e-01, 4.8956161737442017e-01,
          -1.4089864492416382e-01, 4.1623604297637939e-01,
          4.8585695028305054e-01, 5.1034778356552124e-01,
          4.1399294137954712e-01, 9.3395769596099854e-02,
          4.4951862096786499e-01, -1.2369939684867859e-01,
          4.7258299589157104e-01, 4.8956161737442017e-01,
          3.6167508363723755e-01, -4.7773447632789612e-01,
          -4.6296516060829163e-01, 4.3168252706527710e-01,
          4.9396950006484985e-01, -4.0882942080497742e-01,
          4.2765057086944580e-01, 4.0794903039932251e-01,
          4.0950995683670044e-01, 4.1412991285324097e-01,
          -4.4412469863891602e-01, -4.3023574352264404e-01,
          3.5244244337081909e-01, 4.1259044408798218e-01,
          3.8039684295654297e-01, 4.8234969377517700e-01,
          -4.0391957759857178e-01, 4.2617779970169067e-01,
          4.3419933319091797e-01, 4.1456490755081177e-01,
          3.8966339826583862e-01, -2.9323866963386536e-01,
          4.2391186952590942e-01, 4.5144152641296387e-01,
          3.8107764720916748e-01, 4.1482472419738770e-01,
          5.1251298189163208e-01, 4.0922892093658447e-01,
          3.3324015140533447e-01, -1.8777987360954285e-01,
          -1.9443246722221375e-01, 4.6049702167510986e-01,
          4.8585695028305054e-01, 4.6260070800781250e-01,
          3.6423361301422119e-01, 4.1568773984909058e-01,
          4.8046642541885376e-01, -4.6296516060829163e-01,
          4.5289152860641479e-01, 4.4805335998535156e-01,
          4.4386911392211914e-01, -2.4161511659622192e-01,
          7.1349948644638062e-02, -2.7563381195068359e-01,
          2.5347355008125305e-01, 2.7111616730690002e-01,
          -3.8542747497558594e-01, 2.5046125054359436e-01,
          9.7189635038375854e-02, -2.2171595692634583e-01,
          -1.9532434642314911e-01, 3.0261930823326111e-01,
          -1.7941193282604218e-01, 2.9929134249687195e-01,
          2.5046125054359436e-01, 3.3870521187782288e-01,
          3.0553975701332092e-01, 2.9348701238632202e-02,
          -1.9974856078624725e-01, -2.0970456302165985e-01,
          -1.2087881565093994e-01, -1.6861055791378021e-01,
          1.5059849619865417e-01, 2.9978290200233459e-01,
          2.4239149689674377e-01, 3.2596424221992493e-01,
          2.7253994345664978e-01, -1.7243416607379913e-01,
          2.9978290200233459e-01, -1.8392534554004669e-01,
          1.1936679482460022e-01, 8.6388915777206421e-02,
          -5.4479271173477173e-02, -2.2544814646244049e-01,
          -1.4616388082504272e-01, -1.9974856078624725e-01,
          -3.2390686869621277e-01, 1.7347100377082825e-01,
          1.3830003142356873e-01, -1.3827288150787354e-01,
          -3.0625855922698975e-01, 2.2993472218513489e-01,
          -1.2400516867637634e-01, -3.0778107047080994e-01,
          3.2412371039390564e-01, -1.4010310173034668e-02,
          -2.5759980082511902e-01, 9.7189635038375854e-02,
          -2.8113555908203125e-01, -2.5759980082511902e-01,
          3.4408727288246155e-01, -3.0308008193969727e-01,
          -4.0967673063278198e-02, -2.5363555550575256e-01,
          -2.5334334373474121e-01, 2.6010319590568542e-01,
          -2.0377573370933533e-01, -1.4632093906402588e-01,
          -2.6625964045524597e-01, -1.9382642209529877e-01,
          2.6216873526573181e-01, 2.9647210240364075e-01,
          -2.0557101070880890e-01, -1.2890952825546265e-01,
          -1.1474549770355225e-01, 1.3460305333137512e-01,
          -1.4632093906402588e-01, -1.9780111312866211e-01,
          -2.5603467226028442e-01, 8.6102306842803955e-02,
          -1.4288026094436646e-01, 3.5567483305931091e-01,
          -2.8093844652175903e-01, 2.3277094960212708e-01,
          -1.9273403286933899e-01, -2.5756964087486267e-01,
          2.4217125773429871e-01, -3.4388846158981323e-01,
          -2.4762570858001709e-01, 3.0261930823326111e-01,
          -1.2671270966529846e-01, -1.1143630743026733e-01,
          -3.2290965318679810e-02, -1.3683223724365234e-01,
          -3.5237121582031250e-01, 5.7862043380737305e-02,
          -3.1713482737541199e-01, 3.2495316863059998e-01,
          -1.9658327102661133e-01, 3.1922838091850281e-01,
          -1.3235211372375488e-04, -1.1474549770355225e-01,
          -1.5566040575504303e-01, 3.2986477017402649e-01,
          -3.6851727962493896e-01, -2.8298783302307129e-01,
          3.1363382935523987e-01, -1.8335711956024170e-01,
          3.3007457852363586e-01, 2.6391157507896423e-01,
          3.2495316863059998e-01, -2.5772178173065186e-01,
          -3.2869899272918701e-01, 3.0822655558586121e-01,
          2.8728565573692322e-01, -8.2440197467803955e-02,
          -3.4321990609169006e-01, -2.6464062929153442e-01,
          -5.4002881050109863e-02, -2.3414112627506256e-01,
          -2.5772178173065186e-01, -1.6696958243846893e-01,
          -1.6359972953796387e-01, 2.6843360066413879e-01,
          -2.8112053871154785e-01, -9.2363208532333374e-02,
          -1.8998199701309204e-01, 3.3579537272453308e-01,
          -2.7612590789794922e-01, 3.2986477017402649e-01,
          -2.5363555550575256e-01, 3.2986477017402649e-01,
          -2.0626917481422424e-01, -1.8411608040332794e-01,
          -3.9160081744194031e-01, -2.6493605971336365e-01,
          1.6975334286689758e-01, -1.0464838147163391e-01,
          -1.6337294876575470e-01, -1.7737376689910889e-01,
          -1.8349467217922211e-01, -3.7673017382621765e-01,
          -1.6233411431312561e-01, -4.2155385017395020e-03,
          -2.5473070144653320e-01, -2.2741791605949402e-01,
          -3.7229326367378235e-01, -1.3315430283546448e-01,
          -3.6440113186836243e-01, -1.0812553763389587e-01,
          -3.4441289305686951e-01, -2.5221353769302368e-01,
          -5.4002881050109863e-02, -2.7467048168182373e-01,
          -1.6911910474300385e-01, -1.9408841431140900e-01,
          -1.5200783312320709e-01, -2.3672057688236237e-01,
          -2.3243476450443268e-01, 3.2412371039390564e-01,
          -2.8112053871154785e-01, -3.9160081744194031e-01,
          -6.8942040205001831e-02, -3.8447520136833191e-01,
          -1.6911910474300385e-01, -1.5882085263729095e-01,
          -1.0023477673530579e-01, -8.0623060464859009e-02,
          -1.5345646440982819e-01, -3.1395214796066284e-01,
          -3.4311863780021667e-01, 2.9568800330162048e-01,
          -2.7467048168182373e-01, -2.2385941445827484e-01,
          2.5762394070625305e-01, -1.2574121356010437e-01,
          -2.3245006799697876e-02, -1.5765985846519470e-01,
          -1.3295111060142517e-01, -3.6939457058906555e-01,
          -3.8658621907234192e-01, 2.8480312228202820e-01,
          -1.4597329497337341e-01, -3.7473908066749573e-01,
          -3.2590687274932861e-01, -3.6186099052429199e-01,
          -3.3636197447776794e-01, -1.6338959336280823e-01,
          -1.5678232908248901e-01, -3.5932368040084839e-01,
          -2.5511211156845093e-01, -3.9243519306182861e-01,
          -2.3414112627506256e-01, -2.4534747004508972e-01,
          -2.5473070144653320e-01, -6.6362798213958740e-02,
          -1.5766763687133789e-01, -2.3672057688236237e-01,
          -3.8211610913276672e-01, -3.5378479957580566e-01,
          -3.6959210038185120e-01, -1.6852422058582306e-01,
          -8.0623060464859009e-02, -3.7968537211418152e-01,
          -2.6493605971336365e-01, -3.7724998593330383e-01 ]
   - !!opencv-matrix
      rows: 2
      cols: 195
      dt: d
      data: [ -3.1422078609466553e-01, -2.2206485271453857e-01,
          -3.3763417601585388e-01, 4.5337718725204468e-01,
          -3.9512604475021362e-02, 2.7816957235336304e-01,
          4.2636740207672119e-01, -2.3000895977020264e-01,
          3.4155172109603882e-01, 1.1414086818695068e-01,
          4.2662811279296875e-01, 3.5958385467529297e-01,
          4.7816532850265503e-01, 4.2636740207672119e-01,
          4.6467661857604980e-01, 4.4553965330123901e-01,
          -2.4231341481208801e-01, 1.9903719425201416e-01,
          3.9637368917465210e-01, -3.5987889766693115e-01,
          -4.7341752052307129e-01, -3.0933532118797302e-01,
          -3.3137097954750061e-01, 4.6803623437881470e-01,
          4.6815830469131470e-01, 4.3498677015304565e-01,
          4.2341428995132446e-01, -3.3137097954750061e-01,
          -4.8262712359428406e-01, -1.8310555815696716e-01,
          -4.8975896835327148e-01, -4.4795933365821838e-01,
          4.7263008356094360e-01, 3.5513079166412354e-01,
          1.9903719425201416e-01, -3.8563096523284912e-01,
          -4.2479303479194641e-01, -1.9562870264053345e-01,
          -4.4787886738777161e-01, -3.9198231697082520e-01,
          -2.8212907910346985e-01, -4.7146666049957275e-01,
          1.0277670621871948e-01, 4.2052304744720459e-01,
          -2.2725602984428406e-01, 1.1098396778106689e-01,
          -2.3000895977020264e-01, -1.6527929902076721e-01,
          1.1098396778106689e-01, 4.3033790588378906e-01,
          -2.0533391833305359e-01, -1.2733516097068787e-01,
          -3.9406126737594604e-01, -4.5606043934822083e-01,
          4.7818082571029663e-01, 3.5795795917510986e-01,
          -4.7444683313369751e-01, 1.2832069396972656e-01,
          3.9825183153152466e-01, -6.8879514932632446e-02,
          4.8824924230575562e-01, 1.5834295749664307e-01,
          3.4579312801361084e-01, -3.5030588507652283e-01,
          -1.7942425608634949e-01, -4.7444683313369751e-01,
          3.2042986154556274e-01, 4.3283170461654663e-01,
          -4.6658807992935181e-01, -4.8318594694137573e-01,
          4.8284739255905151e-01, -1.4299711585044861e-01,
          -2.7882340550422668e-01, 3.7129789590835571e-01,
          -1.4595979452133179e-01, 4.2920774221420288e-01,
          3.9440470933914185e-01, 4.8557633161544800e-01,
          4.2662811279296875e-01, -4.4067010283470154e-01,
          -3.6279869079589844e-01, -1.9292661547660828e-01,
          4.0284013748168945e-01, 2.7503567934036255e-01,
          -2.1325784921646118e-01, -3.3296036720275879e-01,
          4.3090385198593140e-01, -1.2678468227386475e-01,
          4.3574392795562744e-01, -2.1878439188003540e-01,
          -3.5030588507652283e-01, 3.1121963262557983e-01,
          4.2564719915390015e-01, 2.8129774332046509e-01,
          9.6927702426910400e-02, 4.6778494119644165e-01,
          5.1052755117416382e-01, 4.3550741672515869e-01,
          4.7399049997329712e-01, 4.3090385198593140e-01,
          4.9232608079910278e-01, 3.1817919015884399e-01,
          4.7239714860916138e-01, 4.3995541334152222e-01,
          -1.4942818880081177e-01, 1.1586999893188477e-01,
          1.6445136070251465e-01, -1.0750374197959900e-01,
          4.1493141651153564e-01, 4.9232608079910278e-01,
          3.9278799295425415e-01, 4.5046722888946533e-01,
          -3.9512604475021362e-02, 9.6927702426910400e-02,
          -1.8716365098953247e-01, 5.1020151376724243e-01,
          4.1865974664688110e-01, 4.2082995176315308e-01,
          4.2564719915390015e-01, -3.9406126737594604e-01,
          4.2564719915390015e-01, -4.7932133078575134e-01,
          -4.6898782253265381e-01, 4.5485228300094604e-01,
          4.5393800735473633e-01, -2.7332225441932678e-01,
          -2.4916356801986694e-01, 5.1375991106033325e-01,
          4.9920243024826050e-01, 4.6656638383865356e-01,
          3.8199931383132935e-01, 4.4112193584442139e-01,
          -4.5826846361160278e-01, -1.7741239070892334e-01,
          1.7737525701522827e-01, 4.4895213842391968e-01,
          4.1840165853500366e-01, 3.4371429681777954e-01,
          -4.5595952868461609e-01, 4.9988836050033569e-01,
          4.1279274225234985e-01, -1.0750374197959900e-01,
          4.1366446018218994e-01, 4.9539405107498169e-01,
          -1.3533490896224976e-01, 4.2202180624008179e-01,
          4.9152797460556030e-01, 5.1481479406356812e-01,
          4.2052304744720459e-01, 9.6927702426910400e-02,
          4.5485228300094604e-01, -1.1892116069793701e-01,
          4.7759646177291870e-01, 4.9539405107498169e-01,
          3.6722016334533691e-01, -4.7190704941749573e-01,
          -4.5709687471389771e-01, 4.3812906742095947e-01,
          4.9892467260360718e-01, -3.8524791598320007e-01,
          4.3380534648895264e-01, 4.1366446018218994e-01,
          4.1493266820907593e-01, 4.2069154977798462e-01,
          -4.3740046024322510e-01, -4.2445665597915649e-01,
          3.5817140340805054e-01, 4.1840165853500366e-01,
          3.8499379158020020e-01, 4.6801561117172241e-01,
          -3.9534568786621094e-01, 4.3216025829315186e-01,
          4.6801561117172241e-01, 4.2201375961303711e-01,
          4.1217303276062012e-01, -2.8975659608840942e-01,
          4.2962503433227539e-01, 4.5746660232543945e-01,
          3.8646697998046875e-01, 4.1982799768447876e-01,
          5.1755851507186890e-01, 4.1493141651153564e-01,
          3.3860516548156738e-01, -1.8570348620414734e-01,
          -1.8913212418556213e-01, 4.6587073802947998e-01,
          4.9152797460556030e-01, 4.3032479286193848e-01,
          3.6951839923858643e-01, 3.9516365528106689e-01,
          4.8602503538131714e-01, -4.5709687471389771e-01,
          4.5866322517395020e-01, 4.5393800735473633e-01,
          4.4895213842391968e-01, -2.4140122532844543e-01,
          7.1229100227355957e-02, -2.7543461322784424e-01,
          2.5348177552223206e-01, 2.7120569348335266e-01,
          -3.8541251420974731e-01, 2.5034531950950623e-01,
          9.7111463546752930e-02, -2.2190997004508972e-01,
          -1.9503405690193176e-01, 3.0307355523109436e-01,
          -1.7981518805027008e-01, 2.9952433705329895e-01,
          2.5034531950950623e-01, 3.3886668086051941e-01,
          3.0575761198997498e-01, 2.9175788164138794e-02,
          -2.0000015199184418e-01, -2.1025729179382324e-01,
          -1.2088674306869507e-01, -1.6844111680984497e-01,
          1.5031221508979797e-01, 2.9909059405326843e-01,
          2.4245700240135193e-01, 3.2609865069389343e-01,
          2.7277860045433044e-01, -1.7210391163825989e-01,
          2.9909059405326843e-01, -1.8364626169204712e-01,
          1.1873260140419006e-01, 8.6418807506561279e-02,
          -5.4515331983566284e-02, -2.2626508772373199e-01,
          -1.4668056368827820e-01, -2.0000015199184418e-01,
          -3.2324868440628052e-01, 1.7394134402275085e-01,
          1.3802143931388855e-01, -1.3810437917709351e-01,
          -3.0609038472175598e-01, 2.2723069787025452e-01,
          -1.2399482727050781e-01, -3.0862113833427429e-01,
          3.2394549250602722e-01, -1.4149755239486694e-02,
          -2.5817435979843140e-01, 9.7111463546752930e-02,
          -2.8167635202407837e-01, -2.5817435979843140e-01,
          3.4415689110755920e-01, -3.0303651094436646e-01,
          -4.1018396615982056e-02, -2.5273096561431885e-01,
          -2.5297528505325317e-01, 2.5989165902137756e-01,
          -2.0415155589580536e-01, -1.4598831534385681e-01,
          -2.6635521650314331e-01, -1.9432839751243591e-01,
          2.6252314448356628e-01, 2.9672333598136902e-01,
          -2.0558519661426544e-01, -1.2932336330413818e-01,
          -1.1469903588294983e-01, 1.3469389081001282e-01,
          -1.4598831534385681e-01, -1.9786749780178070e-01,
          -2.5685900449752808e-01, 8.6085349321365356e-02,
          -1.4275646209716797e-01, 3.5596367716789246e-01,
          -2.8309693932533264e-01, 2.3057386279106140e-01,
          -1.9292058050632477e-01, -2.5758939981460571e-01,
          2.4216744303703308e-01, -3.4446781873703003e-01,
          -2.4837477505207062e-01, 3.0307355523109436e-01,
          -1.2663167715072632e-01, -1.1139336228370667e-01,
          -3.2590776681900024e-02, -1.3724958896636963e-01,
          -3.5249114036560059e-01, 5.7892769575119019e-02,
          -3.1680476665496826e-01, 3.2505431771278381e-01,
          -1.9603873789310455e-01, 3.1937775015830994e-01,
          7.6085329055786133e-05, -1.1469903588294983e-01,
          -1.5631125867366791e-01, 3.2992145419120789e-01,
          -3.6885493993759155e-01, -2.8310030698776245e-01,
          3.1376489996910095e-01, -1.8395273387432098e-01,
          3.3032128214836121e-01, 2.6392403244972229e-01,
          3.2505431771278381e-01, -2.5810235738754272e-01,
          -3.2953450083732605e-01, 3.0808958411216736e-01,
          2.8733131289482117e-01, -8.0626785755157471e-02,
          -3.4302005171775818e-01, -2.6512545347213745e-01,
          -5.4148763418197632e-02, -2.3479901254177094e-01,
          -2.5810235738754272e-01, -1.6730192303657532e-01,
          -1.6409470140933990e-01, 2.7120569348335266e-01,
          -2.8310030698776245e-01, -9.2213869094848633e-02,
          -1.9058439135551453e-01, 3.3608016371726990e-01,
          -2.7683192491531372e-01, 3.2992145419120789e-01,
          -2.5273096561431885e-01, 3.2992145419120789e-01,
          -2.0643083751201630e-01, -1.8398323655128479e-01,
          -3.9229914546012878e-01, -2.6580601930618286e-01,
          1.6935011744499207e-01, -1.0325148701667786e-01,
          -1.6416640579700470e-01, -1.7793658375740051e-01,
          -1.8407185375690460e-01, -3.7748980522155762e-01,
          -1.6314636170864105e-01, -4.8113167285919189e-03,
          -2.5145745277404785e-01, -2.2806259989738464e-01,
          -3.7794032692909241e-01, -1.3346061110496521e-01,
          -3.6539500951766968e-01, -1.0861292481422424e-01,
          -3.4526804089546204e-01, -2.5275602936744690e-01,
          -5.4148763418197632e-02, -2.7562305331230164e-01,
          -1.6981595754623413e-01, -1.9331286847591400e-01,
          -1.5246948599815369e-01, -2.3759253323078156e-01,
          -2.3231782019138336e-01, 3.2394549250602722e-01,
          -2.8310030698776245e-01, -3.9229914546012878e-01,
          -6.8849623203277588e-02, -3.8487443327903748e-01,
          -1.6981595754623413e-01, -1.5935617685317993e-01,
          -1.0038575530052185e-01, -8.0374389886856079e-02,
          -1.5414004027843475e-01, -3.1472510099411011e-01,
          -3.5750299692153931e-01, 2.9555782675743103e-01,
          -2.7562305331230164e-01, -2.2423903644084930e-01,
          2.5757506489753723e-01, -1.2546530365943909e-01,
          -2.3241788148880005e-02, -1.5831799805164337e-01,
          -1.3346061110496521e-01, -3.7013652920722961e-01,
          -3.8260450959205627e-01, 2.8389522433280945e-01,
          -1.4629000425338745e-01, -3.8260450959205627e-01,
          -3.2691189646720886e-01, -3.6764049530029297e-01,
          -3.3732545375823975e-01, -1.6400243341922760e-01,
          -1.5736155211925507e-01, -3.5978105664253235e-01,
          -2.5551542639732361e-01, -3.9329448342323303e-01,
          -2.3479901254177094e-01, -2.4603560566902161e-01,
          -2.5718426704406738e-01, -6.6498339176177979e-02,
          -1.5825268626213074e-01, -2.3759253323078156e-01,
          -3.7295141816139221e-01, -3.5438060760498047e-01,
          -3.6245650053024292e-01, -1.6904021799564362e-01,
          -8.0374389886856079e-02, -3.8038757443428040e-01,
          -2.6580601930618286e-01, -3.7794032692909241e-01 ]
points3D: !!opencv-matrix
   rows: 3
   cols: 195
   dt: d
   data: [ 1.1398578191582096e+00, 1.5695190435598789e+00,
       1.1111754525234359e+00, 6.7045880571043626e-01,
       -4.5508119909665643e+00, 8.3678698211692615e-01,
       6.5542417013209642e-01, 1.5928582760347345e+00,
       7.8192923739846076e-01, 1.3511445396009877e-01,
       6.3984712346146422e-01, 7.7369300718544665e-01,
       6.7115826865229133e-01, 6.5542417013209642e-01,
       6.5373492175490655e-01, 6.5091687882446025e-01,
       1.4553261613446602e+00, 5.9853162491698453e-01,
       8.0709712238209808e-01, 1.1984785437957084e+00,
       1.1352383357266980e+00, 1.4960034548159828e+00,
       1.6625739279335945e+00, 6.8165007764491115e-01,
       6.5910611177057177e-01, 6.5352132628245208e-01,
       8.0110914800908195e-01, 1.6625739279335945e+00,
       1.1260026119830249e+00, 1.8232788347036397e+00,
       1.2669588664742411e+00, 1.2023827101469871e+00,
       8.4184011663753289e-01, 7.5612554838401747e-01,
       5.9853162491698453e-01, 1.0772696123539043e+00,
       1.3775070964308120e+00, 1.8148931337472789e+00,
       1.1564867989671292e+00, 1.0855372967776147e+00,
       1.6775787878277557e+00, 1.1567303012531325e+00,
       -2.2773807064128301e-01, 6.2999757109265708e-01,
       1.4257047121182760e+00, 6.1576222878948379e-02,
       1.5928582760347345e+00, 1.1817968579772784e+00,
       6.1576222878948379e-02, 6.3035356535700071e-01,
       1.1410017499718177e+00, 1.6663243098809952e+00,
       1.1107739545460074e+00, 1.0997828244302135e+00,
       6.8215202768536864e-01, 7.8466320694218650e-01,
       1.1454639768889203e+00, 2.9085434330176047e-01,
       8.0222330983766288e-01, 6.4675100573838108e+01,
       6.7675390689796189e-01, 4.6634674552766725e-01,
       7.4136415526850341e-01, 1.2071745518102099e+00,
       1.8980074919530061e+00, 1.1454639768889203e+00,
       7.5596631630675892e-01, 8.4099296262435397e-01,
       1.2795698739670436e+00, 1.1446395038635300e+00,
       6.5848578224161392e-01, 1.1958234918919275e+00,
       1.6958917138026750e+00, 7.8769540641474090e-01,
       1.2262401155326743e+00, 6.5991746049298983e-01,
       8.7103826592220501e-01, 8.5522423776016998e-01,
       6.3984712346146422e-01, 1.1646302320222821e+00,
       1.2031543352778620e+00, 1.4675825742220250e+00,
       7.7894919616196534e-01, 8.1132863841637015e-01,
       1.5699837224586970e+00, 1.0901111246841648e+00,
       6.3627436732394949e-01, 1.3422971365960541e+00,
       6.4069814365199484e-01, 1.4626581621480523e+00,
       1.2071745518102099e+00, 7.2910695204836529e-01,
       6.3152946123561748e-01, 8.2891034382167272e-01,
       -3.8486528363011396e-01, 6.6147070798440211e-01,
       8.3783244241207355e-01, 6.3757950073924363e-01,
       6.7905607568532611e-01, 6.3627436732394949e-01,
       8.5990230798487111e-01, 8.2799090428116939e-01,
       6.6574125565407460e-01, 6.5297477949434946e-01,
       1.4810015842599458e+00, 8.4453512847875639e-02,
       5.3357389835594426e-01, 1.7389150803793929e+00,
       8.2483455077501688e-01, 8.5990230798487111e-01,
       7.8519264949755319e-01, 8.0968781334093742e-01,
       -4.5409346755001820e+00, -3.4932439643909591e-01,
       1.3857891841653600e+00, 8.3882306089546499e-01,
       6.2491793617075986e-01, 8.4456856825523918e-01,
       6.3152946123561748e-01, 1.1107739545460074e+00,
       6.3152946123561748e-01, 1.1156844402135973e+00,
       1.1287120573688643e+00, 9.0790745856012600e-01,
       8.5126506055083173e-01, 1.6038536356641058e+00,
       1.2802240125671727e+00, 8.3011784521974685e-01,
       8.3329738070900605e-01, 8.2310555505622696e-01,
       8.8190568961928972e-01, 8.0398116460629399e-01,
       1.2261986055027536e+00, 1.2275962488578609e+00,
       5.5531984523754652e-01, 8.5268963974236833e-01,
       7.8574136499412384e-01, 8.6083480213891228e-01,
       1.1692035746837330e+00, 8.9655298822436624e-01,
       8.3249224952753187e-01, 1.7389150803793929e+00,
       8.4231044926894161e-01, 8.2751083586450214e-01,
       1.3314220879301102e+00, 7.9354952852870175e-01,
       8.5168600108914772e-01, 8.5819245566582714e-01,
       6.2999757109265708e-01, -3.4932439643909591e-01,
       9.0790745856012600e-01, 1.6279424610006210e+00,
       9.0966620227107142e-01, 8.2751083586450214e-01,
       7.6897615409096720e-01, 1.1684720959626058e+00,
       1.1840908336184190e+00, 7.9960827594704853e-01,
       8.8497294030383655e-01, 1.0960449496609723e+00,
       6.4747445873627851e-01, 8.4231044926894161e-01,
       8.2096032830728327e-01, 6.4940140413480973e-01,
       1.1683175132686827e+00, 1.2310294876106849e+00,
       7.6251267826039448e-01, 7.8431986250664543e-01,
       8.8137923404337126e-01, 9.5438708696516839e-01,
       1.5222275857265619e+00, 7.9504393074505408e-01,
       8.3639269133656680e-01, 8.6364000049350753e-01,
       8.3749273501868915e-01, 1.0832024443237225e+00,
       8.0165184995865568e-01, 8.0944780569930663e-01,
       8.7378219823824621e-01, 8.3745383816156316e-01,
       9.1999822019392741e-01, 8.2483455077501688e-01,
       7.9325665267112599e-01, 1.1787905384684114e+00,
       1.4206924840833823e+00, 8.1434456234965957e-01,
       8.5168600108914772e-01, 9.9468100119730651e-01,
       8.6526505088436889e-01, 9.5481319098296791e-01,
       8.2477546290609216e-01, 1.1840908336184190e+00,
       9.0209539418176721e-01, 8.5126506055083173e-01,
       9.0069282325308098e-01, -4.8583235287733451e-01,
       -2.1882247658039380e+00, -3.8064150580226552e-01,
       1.2627263249350569e+00, 2.1583598600634648e+01,
       4.4791053512148110e-01, 1.3219588826799953e+00,
       -2.2887818543299958e+00, 7.4672047687656573e-01,
       3.0444672270172468e+00, 1.3869264133080050e+00,
       7.9591795618011907e-01, 1.2646852505910968e+00,
       1.3219588826799953e+00, 1.3397646239364540e+00,
       1.3443597169306716e+00, -1.7456339049695224e+00,
       1.4172058195164869e+00, 6.6903581961404923e-01,
       -7.3564663561045429e-01, -4.9075243548405661e-01,
       -1.9308785600148182e+00, -2.5926753507074256e+00,
       1.2175776923134114e+00, 1.3172692295016029e+00,
       1.3288623924028971e+00, 6.9475721743841978e-01,
       -2.5926753507074256e+00, -4.5451524195733789e-01,
       -3.1898341942698059e+00, -1.0269442981551622e+00,
       -7.6096560362047172e-01, 5.4111379246538249e-01,
       8.7132084314767988e-01, 1.4172058195164869e+00,
       -2.4922899267379001e-01, -1.4556348918942470e+00,
       -3.1480700378973783e+00, -5.7595739893851072e-01,
       -2.7987142482634297e-01, -2.6452730697029923e+00,
       -5.8073318837254073e-01, 4.0592645384779367e+00,
       1.4291879433941086e+00, -1.6069359870281961e+00,
       3.1846355120333278e+00, -2.2887818543299958e+00,
       -6.1081241041131940e-01, 3.1846355120333278e+00,
       1.4279198671270223e+00, -4.5365028164447729e-01,
       -2.5006781639099569e+00, -3.8475907802856002e-01,
       -3.4438705183222301e-01, 1.2182243572597253e+00,
       7.5019533511340608e-01, -5.3343328976944748e-01,
       2.3735304519298368e+00, 6.9607145448483188e-01,
       -2.4661256829478788e+02, 1.2407317370041411e+00,
       1.8697029468634379e+00, 9.2748486111244532e-01,
       -7.6947952069549830e-01, -3.4546190998804072e+00,
       -5.3343328976944748e-01, 8.4982381234615123e-01,
       5.3192464709822995e-01, -1.0753126112661444e+00,
       -5.3201775220356240e-01, 1.3194640911162756e+00,
       -6.7067366590063682e-01, -2.7062993592767630e+00,
       7.4619697003463670e-01, -7.7246888733130548e-01,
       1.3044246228034739e+00, 3.9922634603577184e-01,
       4.9143221781793595e-01, 1.3869264133080050e+00,
       -6.0851548546452328e-01, -7.5603818338945394e-01,
       -1.7557739079586827e+00, 7.9124654348626255e-01,
       5.6228275989139231e-01, -2.1850960797058683e+00,
       -2.9136195556095235e-01, 1.4034813868013583e+00,
       -1.2038034064769183e+00, 1.3844596572878440e+00,
       -1.7495782632750565e+00, -7.6947952069549830e-01,
       9.6825289001971115e-01, 1.4228335316915779e+00,
       4.9678427160000943e-01, 4.5971891215207918e+00,
       1.3035797407525489e+00, 5.6885109613853291e-01,
       1.3981262242406234e+00, 1.2314198946589243e+00,
       1.4034813868013583e+00, 4.6860301419250044e-01,
       5.3948226649005326e-01, 1.2873130718057939e+00,
       1.3353582009926905e+00, -1.8188385605631614e+00,
       2.8194980410337180e+00, 1.5791869319289433e+00,
       -2.7502879325974372e+00, 5.9529103080387458e-01,
       4.6860301419250044e-01, 7.5488553432470007e-01,
       6.7066874657307074e-01, 2.1512677870749464e+01,
       4.6334061719771853e+00, -1.4307406419938711e+00,
       5.5889505436609699e-01, 1.4482690068684072e+00,
       5.0812067678175810e-01, 1.4228335316915779e+00,
       -3.8475907802856002e-01, 1.4228335316915779e+00,
       -4.1533480664245087e-01, -4.6458026192341956e-01,
       2.5303131348007268e-01, 4.9254591066077358e-01,
       -2.3375755931880664e+00, -1.0688998003588710e+00,
       5.9523045785622519e-01, 5.8998544073660797e-01,
       6.1724608073547416e-01, 3.3628466344174285e-01,
       6.8539691120654311e-01, -8.6299783728770596e-01,
       -6.9073824870166478e-01, 1.5436828932777134e+00,
       2.8360440464227310e-01, 7.7070517843642738e-01,
       4.0709212326337751e-01, -6.3035442011638154e-01,
       3.1524195339927152e-01, 5.6418485654536654e-01,
       -2.7502879325974372e+00, 5.1944439309856505e-01,
       6.0653555831094386e-01, -1.1643177295521330e+00,
       7.3216476469401204e-01, 5.0347237588937399e-01,
       4.8989965834891203e-01, 1.4291879433941086e+00,
       4.6334061719771853e+00, 2.5303131348007268e-01,
       -2.3477118348806054e+00, 2.5522824532081301e-01,
       6.0653555831094386e-01, 8.2006536149529718e-01,
       -6.2905037584068535e-01, -6.8936631674954008e-01,
       7.0472792971582898e-01, 3.6880838219679463e-01,
       -1.9739740578762557e-01, 1.3606627838244261e+00,
       5.1944439309856505e-01, 6.1467508912134905e-01,
       1.3452577838659010e+00, -6.1449362318332656e-01,
       -8.7646535330703090e-01, 8.4178941695622356e-01,
       7.7075911835425381e-01, 3.5101911592721607e-01,
       2.6726613346313677e-01, -2.0219811870443634e+00,
       7.2656722688114517e-01, 2.6200974362153451e-01,
       4.0821910436381792e-01, 3.3160199885179303e-01,
       -2.7468562512332173e-01, 7.0082126893109598e-01,
       6.7230460753526700e-01, 3.7250894331056489e-01,
       5.4991435128364796e-01, 2.2169417346319120e-01,
       5.9529103080387458e-01, 7.0092177470844330e-01,
       -6.6159741800588590e-01, -1.5708040789438169e+00,
       6.6006752823891768e-01, 5.0347237588937399e-01,
       3.1181585467879253e-01, 4.0299280376823843e-01,
       3.6026798067617799e-01, 6.1824396868044607e-01,
       -6.8936631674954008e-01, 2.7437720170487434e-01,
       4.9254591066077358e-01, 2.8535422499288665e-01,
       -1.8524969136371856e+00, -3.4362738599381459e+00,
       -1.7268140259835183e+00, 1.4921350232536117e+00,
       2.4725274673089761e+01, 3.0242118810274849e+00,
       1.5639526507859638e+00, -3.4441886762686265e+00,
       2.1652063571288021e+00, 8.1625875574621549e+00,
       1.5439461209491236e+00, 2.0280908401532849e+00,
       1.4197559393214025e+00, 1.5639526507859638e+00,
       1.4383011889453157e+00, 1.4943649578182303e+00,
       -2.9753989934698466e+00, 3.8065816240323440e+00,
       1.8799163768775973e+00, -1.8417041025698067e+00,
       -1.4638605927470474e+00, -2.7102002471112807e+00,
       -2.9805783837556055e+00, 1.4601856658980528e+00,
       1.4342977450970860e+00, 1.5324636597204599e+00,
       1.7500748191593829e+00, -2.9805783837556055e+00,
       -1.4324660458048486e+00, -4.5879564956291725e+00,
       -1.6559977824578180e+00, -1.6302064881014457e+00,
       1.6233340009265458e+00, 2.0254484743891874e+00,
       3.8065816240323440e+00, -1.5439167935721145e+00,
       -2.0131572329500322e+00, -4.4068537298600425e+00,
       -1.5494271702586915e+00, -1.5432518030823472e+00,
       -3.3059587071059799e+00, -1.5041771307464531e+00,
       1.7516882897717430e+01, 1.5536373491191982e+00,
       -2.9802334103656229e+00, 1.0765539737492977e+01,
       -3.4441886762686265e+00, -2.6759224100383832e+00,
       1.0765539737492977e+01, 1.5201815174759288e+00,
       -2.2982081564821661e+00, -4.7807812494245354e+00,
       -1.5833351410336927e+00, -1.4379277755667690e+00,
       1.4318316158704936e+00, 2.0565516152551284e+00,
       -1.4790258412687980e+00, 8.2648669953359963e+00,
       1.8612469168819419e+00, -2.8633367979072534e+02,
       1.3986454035970985e+00, 5.1400695813864399e+00,
       2.0606795218333120e+00, -1.8880297208902082e+00,
       -4.8471419125409181e+00, -1.4790258412687980e+00,
       2.2756449732044919e+00, 1.7695657719958384e+00,
       -1.7282377372655870e+00, -1.4621902149241035e+00,
       1.3931333147662619e+00, -2.9137218473972961e+00,
       -3.3666932862392343e+00, 1.9796530981249665e+00,
       -2.9710371351982592e+00, 1.5589299404266332e+00,
       2.0015480694605827e+00, 1.5978699711139266e+00,
       1.5439461209491236e+00, -1.5787318422497083e+00,
       -1.8434672892518487e+00, -3.3571998340323597e+00,
       1.8076631859669459e+00, 2.9732379878701232e+00,
       -3.5070059220163388e+00, -1.6970306206071761e+00,
       1.5252880121337797e+00, -3.5623811003444161e+00,
       1.5146524986714984e+00, -3.1435429129132948e+00,
       -1.8880297208902082e+00, 2.2965989270873615e+00,
       1.5374844248296209e+00, 2.9368541886353694e+00,
       1.7496173679463460e+01, 1.4388941637375985e+00,
       1.5034889622128853e+00, 1.5114482059719923e+00,
       1.4399151220686033e+00, 1.5252880121337797e+00,
       1.5837164479209160e+00, 2.4716970391560436e+00,
       1.4303885566386720e+00, 1.5147760252826998e+00,
       -3.8441343863746278e+00, 1.4951004121645596e+01,
       5.4056314980314673e+00, -5.3847774483184621e+00,
       1.8216459708271524e+00, 1.5837164479209160e+00,
       1.8657985248952733e+00, 1.6579775953712164e+00,
       2.4661385815176811e+01, 1.7551302660437671e+01,
       -3.1504210741347363e+00, 1.5069608128020227e+00,
       1.5538817373488358e+00, 1.8280286549664084e+00,
       1.5374844248296209e+00, -1.5833351410336927e+00,
       1.5374844248296209e+00, -1.4231032897334193e+00,
       -1.4615933091565416e+00, 1.7901160399954472e+00,
       1.7029116280784309e+00, -3.1679897463396061e+00,
       -2.4705902656243022e+00, 1.4879674239853045e+00,
       1.5288540795733823e+00, 1.6196177481690226e+00,
       2.1032210594853709e+00, 1.6873887615967598e+00,
       -1.6527411007915231e+00, -2.6526886718373675e+00,
       4.5657940236464505e+00, 1.8056589134661460e+00,
       1.7480576454953107e+00, 2.3300670829353214e+00,
       -1.5562809119257652e+00, 1.6123189378948304e+00,
       1.8422785392454468e+00, -5.3847774483184621e+00,
       1.8562202346911822e+00, 1.5351263863619673e+00,
       -3.4258224540656226e+00, 1.7456357757630498e+00,
       1.5762826300516324e+00, 1.5130902221547067e+00,
       1.5536373491191982e+00, 1.7551302660437671e+01,
       1.7901160399954472e+00, -4.7720204439587883e+00,
       1.7055701909156677e+00, 1.5351263863619673e+00,
       1.9750054330149389e+00, -1.5234401626318406e+00,
       -1.5789581465327147e+00, 1.6923310212813958e+00,
       1.5969044962122174e+00, -1.5455622511971607e+00,
       1.5280980778421307e+00, 1.8562202346911822e+00,
       1.8141591736728202e+00, 1.5771039594634666e+00,
       -1.5889052936844617e+00, -1.7373450119544718e+00,
       2.0191126519106701e+00, 1.7483372697455486e+00,
       2.0782084415264408e+00, 1.7320391593840658e+00,
       -2.3912967774193881e+00, 1.7074443886553867e+00,
       1.7434309995179778e+00, 1.8624337611783972e+00,
       1.9490792672603130e+00, -1.8217326669656868e+00,
       1.7257541920347936e+00, 1.6336515578166095e+00,
       2.0576967267856494e+00, 1.8164162737812468e+00,
       1.5936880050555797e+00, 1.8216459708271524e+00,
       2.2099177209162870e+00, -2.5647422862793916e+00,
       -3.2445149322833520e+00, 1.6096169821684982e+00,
       1.5762826300516324e+00, 1.8572238083487631e+00,
       2.1458939527182235e+00, 2.0042766165301646e+00,
       1.5588598729533076e+00, -1.5789581465327147e+00,
       1.7665245627350095e+00, 1.7029116280784309e+00,
       1.7998532090171933e+00 ]
