%YAML:1.0
---
E: !!opencv-matrix
   rows: 3
   cols: 3
   dt: d
   data: [ -5.9103534438297123e-01, -3.3677108501565617e-01,
       9.3429222771695877e-03, -3.7210032397291798e-01,
       5.9165836232520852e-01, -9.0087179859665543e-03,
       -1.1047530282278729e-01, -1.9066734021427464e-01,
       4.1127633996556759e-03 ]
F: !!opencv-matrix
   rows: 3
   cols: 3
   dt: d
   data: [ 3.5745399130765138e-06, 2.3358019099994102e-03,
       -6.3472278954858108e-01, -2.3419414441861403e-03,
       -1.4229001060894170e-06, 1.7302353193743032e+00,
       6.3080452584238333e-01, -1.7255224725209850e+00, 1. ]
K: !!opencv-matrix
   rows: 3
   cols: 3
   dt: d
   data: [ 1000., 0., 754., 0., 1000., 280., 0., 0., 1. ]
R: !!opencv-matrix
   rows: 3
   cols: 3
   dt: d
   data: [ -4.7499134686226563e-01, 8.4081581312602716e-01,
       2.5963818826048757e-01, 8.3601951752464043e-01,
       5.2326764145861404e-01, -1.6511311795313738e-01,
       -2.7468998293319380e-01, 1.3863529059931565e-01,
       -9.5148603220257777e-01 ]
t: !!opencv-matrix
   rows: 3
   cols: 1
   dt: d
   data: [ -2.7267257944576295e-01, 1.5100049132470481e-01,
       9.5018341178853027e-01 ]
points3D: !!opencv-matrix
   rows: 4
   cols: 187
   dt: d
   data: [ 3.3791854722506720e-01, -3.6073449619610752e-02,
       1.0175796888429086e-02, -6.4849495917624803e-02,
       1.0175796888429086e-02, -2.4962177386797648e-02,
       -3.3921672742060940e-02, -6.3152873566143575e-02,
       -1.2444471169630643e-02, 9.0368136275647635e-03,
       -3.8085111459928558e-02, -1.1968903799824390e-01,
       -1.2500663512404167e-01, 3.4362717192956044e-01,
       6.2038648406045338e-02, -1.2398732113893535e-01,
       9.0368136275647635e-03, -1.3665200989505669e-01,
       9.0408782296142794e-03, 7.5596712591086144e-03,
       1.1698997013233361e-01, 8.8186444997808908e-02,
       -1.1863630286177428e-01, -1.2253810866518040e-01,
       3.8170798801632838e-01, 2.5687040348903001e-01,
       -1.3158275453068402e-01, 7.3889975013711945e-02,
       2.5693579564343449e-01, 8.8728013450136312e-02,
       2.9448152525689686e-01, -1.0017762948412905e-01,
       2.8277196058780441e-01, 3.3529649364556430e-01,
       2.8277196058780441e-01, 1.6817903205296639e-01,
       -1.3919993198760749e-01, -3.4243051187203527e-02,
       3.9422592421458352e-01, -6.4727958280849790e-02,
       4.5142271239344967e-01, 6.9923495434863073e-03,
       -2.3353581480970349e-02, -4.0754130286608972e-02,
       -1.2128942997252852e-01, 2.9448152525689686e-01,
       2.0753353863216115e-02, 9.0408782296142794e-03,
       -1.2075380202620754e-01, 2.0753353863216115e-02,
       7.0347774903948244e-03, 1.5836994389057399e-01,
       -2.3820621769141948e-02, -1.3427247890132615e-01,
       2.5794927890871450e-01, -1.2375682278358416e-01,
       -4.2930044671452103e-02, -1.3603513035954157e-01,
       -5.1020859199374526e-02, 7.9967885902198013e-03,
       9.9460001554292160e-02, -2.8173642300941208e-02,
       -6.4321007040337025e-02, 7.6623732203483438e-03,
       -1.2431798880061025e-01, 4.9929057149964831e-02,
       1.2258037669567444e-01, -1.3158275453068402e-01,
       2.8672112219085773e-02, -1.3031557468105601e-01,
       7.8241112219343423e-03, 6.6318516543913367e-02,
       2.5093587578904575e-01, 8.1173184721463308e-03,
       3.4362717192956044e-01, 8.4595314332419104e-03,
       -5.7978613575583419e-02, -6.6610011552503165e-02,
       5.3764806322322134e-01, -6.9573651422340885e-02,
       4.3490295893611397e-01, 9.6454660106504737e-03,
       1.4302610349966252e-01, -2.0706327130948993e-01,
       -1.2589153047656951e-01, 2.5093587578904575e-01,
       7.6067967837455217e-02, 1.3159706148325195e-01,
       -1.2398732113893535e-01, 1.2968534554592642e-01,
       9.4087202085889922e-03, 1.5773952489521281e-01,
       1.4224454133437378e-01, -1.2435916151762548e-01,
       2.6666278291957241e-01, 1.3268421580467984e-01,
       -6.5314547481865853e-02, -4.6035066613619738e-02,
       2.4614072456358025e-02, -8.7583189947805479e-02,
       4.7217132515455347e-02, 7.7438020944355585e-03,
       -2.0577850051756025e-03, -5.3078649592688341e-02,
       9.7683745985754619e-02, -1.3431936032872427e-01,
       4.8736058383060127e-01, 3.2044572374101077e-01,
       -1.4017963738200095e-01, 9.7585660942725555e-02,
       -6.7445653273494666e-02, -1.5812195947911806e-01,
       1.8334525242014232e-01, 2.2047918334435401e-01,
       -3.1277059706514260e-02, 2.3917110588304169e-01,
       -4.5279058385290762e-02, 4.0371175077093246e-01,
       6.7561985359336201e-03, 6.2086123661103741e-02,
       -1.2435916151762548e-01, -1.2088226904189196e-01,
       -1.3935816737332463e-01, -1.2780868906755630e-01,
       -1.3408404939312971e-01, -2.6433658517425285e-02,
       4.7297377907701478e-02, -3.3659697721097628e-02,
       4.7295960137262463e-02, -6.4752973272020301e-02,
       -3.8331484848138066e-02, 2.3076128687355690e-01,
       -8.3872325529769420e-02, 7.9917525794923158e-02,
       1.4224454133437378e-01, -4.5474931490019493e-02,
       5.3429391911596590e-02, 1.1865585285140755e-01,
       2.2924882763048927e-03, -5.4954442831654945e-02,
       1.7878610182333093e-01, 1.5223817984080867e-01,
       3.3708824218768607e-01, 1.2430672907177291e-01,
       -4.3008355568156457e-02, -6.9581650483440421e-02,
       1.1447631998980131e-02, 3.7417560508547096e-02,
       -1.1118982008070060e-02, -1.4741464562231603e-03,
       -7.5269682201812876e-02, 3.1813787111736880e-02,
       -4.7740147455235513e-02, 5.0173664482740951e-02,
       -1.0027161562561801e-01, -7.5153931247249395e-02,
       3.7484508371672753e-01, 5.0465127557644117e-02,
       6.4157937780573004e-01, 7.8302846244846271e-03,
       -6.1895898731299602e-02, -5.8084091434439038e-02,
       1.3807963507119092e-01, 3.6699474469817993e-02,
       1.5257678564297669e-01, 6.1581871986196461e-02,
       1.7769680027217910e-03, -8.8237317761108908e-02,
       -7.6697710277230685e-02, -2.5302780357905869e-02,
       3.3708824218768607e-01, 9.6454660106504737e-03,
       -1.3508092942452404e-01, 1.0845248087949312e-01,
       1.0571610089734357e-02, -1.3765200462655708e-01,
       1.9488533850276501e-02, -2.5592714144322251e-02,
       6.7422802089163097e-02, -1.6198077172585973e-01,
       1.6675167655248863e-01, -1.2375682278358416e-01,
       7.0344832708350125e-02, -1.3955000891956212e-01,
       4.6949328832736094e-02, 4.0451987770284255e-02,
       -6.7556653291281368e-02, -1.8036828533397756e-01,
       4.7702920698846865e-02, 6.8061938204642541e-02,
       8.0258686613830389e-03, 6.8061938204642541e-02,
       1.1846025795736453e-01, 1.5480828580084530e-03,
       3.5878125893553089e-02, 3.9556847371471200e-02,
       1.1368402276793237e-01, 4.8535239904530007e-02,
       -5.3147906020194195e-02, -5.8329611916468016e-02,
       -1.8692555246871678e-01, 3.9071707928391161e-03,
       -5.6510920049572547e-02, 1.1368402276793237e-01,
       -9.4275874763390458e-02, -2.2634717553000196e-02,
       7.8639523980582229e-02, -2.3135480466016236e-02,
       -7.1519725887680278e-03, -5.1913155889203783e-02,
       -5.2980341362366276e-02, -2.0883390599940160e-01,
       -1.3786137633559289e-01, -1.4007509712147367e-01,
       -2.5622395957301824e-02, -1.4964338435689256e-01,
       -6.0740028607146161e-02, -1.5730438243757733e-01,
       -2.1473182463610373e-02, -1.5098292726581164e-01,
       -1.7698252918947777e-01, -1.5098292726581164e-01,
       -4.8909888064007215e-02, -1.2869080744828545e-01,
       2.0118660341433357e-02, -2.1673847165344037e-01,
       3.6727163245292745e-02, -2.5349715580075749e-01,
       9.4737393499833941e-02, 4.3997901828943878e-02,
       2.2414955092086648e-02, -5.1023892403382738e-02,
       -1.5730438243757733e-01, 1.8993033422633765e-01,
       -2.2634717553000196e-02, -5.5007544431330255e-02,
       1.8993033422633765e-01, 9.6589826657971292e-02,
       -1.3198732144468783e-01, 2.2570088770564097e-02,
       -8.5056028199012992e-02, -1.3597372597590413e-01,
       -5.5591780751486138e-02, 3.8602031013058993e-02,
       -1.2819290700111866e-01, 4.3039546869702738e-02,
       1.1722693994252430e-01, -1.4219565683527388e-01,
       4.6047356711154959e-02, 3.7891949699130630e-02,
       7.5401270421885463e-02, -5.8551382917303274e-02,
       1.1929366650910909e-02, -9.2257644943472064e-02,
       -1.4007509712147367e-01, 1.9519946376716939e-02,
       -7.7579126257509942e-02, 6.9669805526794831e-02,
       3.8136153232461438e-02, -1.3117719511148135e-01,
       7.1551069847989535e-02, -1.8692555246871678e-01,
       9.4552609539440016e-02, 5.4226471444416606e-02,
       3.9250271066355216e-02, -2.8191846922045061e-01,
       3.9925069947407847e-02, -2.3637294835675141e-01,
       3.1167505521002442e-03, -1.1001220491219364e-01,
       1.2045321822319062e-01, -6.7264811439019218e-02,
       -1.3117719511148135e-01, -6.2125961350197483e-02,
       -1.2325175560494038e-01, -5.6510920049572547e-02,
       -2.5195559476888459e-02, -5.5440460791713756e-03,
       -4.3690138513385775e-02, -1.0780937239626155e-01,
       -5.9294877649703898e-02, -9.8181802100556825e-02,
       -3.2588958308879527e-02, -1.1564762626391556e-02,
       3.6418990559034969e-02, 2.1508417299075194e-02,
       -6.4279593077707503e-03, 1.0995885998456575e-02,
       1.3636026197322454e-01, -4.4709585118918226e-02,
       4.9113917857680184e-02, -8.5954641842390968e-03,
       -1.4030221583314798e-01, -2.7937276555385115e-01,
       -1.2583948777519538e-01, -1.1296997069577519e-01,
       -8.7165240322592350e-03, -1.2623149605835812e-02,
       -1.7140284626677202e-01, -5.8589262197498583e-02,
       -1.2801294554310202e-01, -8.2635849332639445e-03,
       -1.2693676217845151e-01, 1.4369168324892501e-01,
       -2.2515277110642229e-01, 1.4544617847053637e-01,
       3.0194007937912635e-02, -5.9294877649703898e-02,
       -4.9567756383368973e-02, -1.1517278661124258e-01,
       -6.9869772206281086e-02, -1.3187794134060435e-01,
       2.2964789285672804e-02, 1.0650402077404668e-02,
       4.6855538606495918e-02, 1.0624730359772518e-02,
       3.7801605775992689e-02, 3.4764440505626840e-02,
       -7.9536878804528546e-02, 1.0343452037761686e-02,
       -5.5655692961879832e-03, -1.0780937239626155e-01,
       2.9049858645969807e-02, -1.0299262081336856e-02,
       -1.2552820469804580e-02, 2.0075856721469207e-02,
       5.1484201444651122e-02, -5.2078054751097787e-02,
       -4.2277758186671788e-02, -1.3557643817816761e-01,
       -1.2625785069245105e-01, 3.3928188720817591e-02,
       3.9893023444580428e-02, 1.1807410823156728e-01,
       1.9991767182577125e-01, 1.1068231239325217e-01,
       -7.3392102746346862e-03, 1.3099128453842330e-02,
       1.8148586232515331e-02, -2.8785821155700508e-02,
       1.3885516581919418e-02, -1.6237175440437793e-02,
       4.9538847725052716e-02, -2.0661748938299707e-01,
       -3.0336715241452365e-02, -3.3417408703795154e-01,
       1.1299666975472809e-01, 5.5074625227752048e-02,
       5.5401264036915483e-02, -3.3638446894586581e-02,
       1.5794116143765521e-02, -4.2321312154102682e-02,
       2.5810595808434299e-03, 1.2447193214135149e-01,
       5.5712518115974219e-02, 4.9515346322522212e-02,
       1.2007648076468316e-01, -1.3557643817816761e-01,
       3.1167505521002442e-03, -9.3879504008291273e-02,
       -7.0155834887999230e-02, 8.4022298613222524e-02,
       -1.1082990835962990e-01, 1.8935186728889022e-01,
       2.4916368694427281e-02, 4.9107971524833385e-02,
       -1.7896750265284289e-01, -1.1770255290114251e-01,
       -5.5591780751486138e-02, -5.0000559459849492e-02,
       -1.1332991909863284e-01, 1.1970502097362421e-02,
       -3.4032676765336986e-02, 3.8529024185378048e-02,
       1.6373868299571559e+00, 2.2852248476828060e-01,
       8.7695677420010110e-01, 7.4008942941037514e-01,
       8.7695677420010110e-01, 5.4940184190024743e-01,
       8.8860146176095378e-01, 3.4198285198044476e-01,
       1.2342446374707454e-01, 7.3444265310740142e-01,
       2.4027757279252757e-01, 5.5279782357555518e-01,
       4.6664694758403735e-01, 1.6428150298231201e+00,
       -9.7308335742873925e-02, 4.6613724879183449e-01,
       7.3444265310740142e-01, 4.2796974496092138e-01,
       1.0400541404689931e+00, 8.3788098117696530e-01,
       -2.0950450954640173e-01, -1.4783394585495568e-01,
       4.3917645625843743e-01, 4.7432780293752042e-01,
       1.6845096094736431e+00, 1.5349751480515741e+00,
       3.8224002125998335e-01, 1.2053151983390478e+00,
       1.5245738860702895e+00, 1.2407630551506825e+00,
       1.5852698885380190e+00, 5.8840414807295605e-01,
       1.5701145199286071e+00, 1.6345945195162686e+00,
       1.5701145199286071e+00, -2.9738343450938265e-01,
       4.0133422866356749e-01, 1.4945831568920415e-01,
       1.6965998347878046e+00, 3.6061148393330789e-01,
       1.7485960379379493e+00, 7.8607633920521813e-01,
       1.6944126617380922e-01, 1.8240031726105993e-01,
       4.7110355176370677e-01, 1.5852698885380190e+00,
       5.6943595142346037e-01, 1.0400541404689931e+00,
       5.5239164094278514e-01, 5.6943595142346037e-01,
       7.8047643085098106e-01, 1.3087220869943439e+00,
       9.0322600410830656e-01, 4.3528898110160830e-01,
       1.5371132756364525e+00, 4.7035536638309650e-01,
       7.9011002130243735e-01, 3.9545605639151094e-01,
       7.3163685169578863e-01, 7.2177595582819021e-01,
       -1.4692673426114489e-01, 1.9227768156158673e-01,
       3.6318909847054975e-01, 8.4844232428821165e-01,
       4.5770036069418724e-01, -6.1513205871623254e-02,
       1.2890022991021179e+00, 3.8224002125998335e-01,
       -1.3969844045595377e-02, 4.3354806951800662e-01,
       8.6650991776550290e-01, 1.0409869626432990e+00,
       1.5273507712160121e+00, 8.6168029367918941e-01,
       1.6428150298231201e+00, 7.8989005053924233e-01,
       4.1380146210202301e-01, 3.9573578114847113e-01,
       1.8254648174502524e+00, 5.1089490553211447e-01,
       1.7398024972085855e+00, 1.0330060924300186e+00,
       1.3127239353334350e+00, 1.8028169726841523e+00,
       4.3644714503257898e-01, 1.5273507712160121e+00,
       1.2059768482902156e+00, 1.2542805635494667e+00,
       4.6613724879183449e-01, -3.3931794292523959e-01,
       -2.6874688241456706e-02, -2.8071282294145694e-01,
       1.3145743123025861e+00, 4.5411563202546795e-01,
       -4.3848070197030564e-01, -2.4306602001746350e-01,
       7.6440506870660063e-01, 7.7992372063332760e-01,
       -2.3016575789346545e-03, 6.3177580390944055e-01,
       -6.1919263979677203e-02, 6.5600409424560469e-01,
       9.9073822989780447e-01, 6.9538279582871654e-01,
       -2.2062395449090297e-01, 3.8701803617016567e-01,
       -8.0873793717541675e-01, -5.0565990474378064e-01,
       4.1568058346956632e-01, -2.1857284634791005e-01,
       7.5566838242579837e-01, 4.1837319266424206e-01,
       -3.2822624340633971e-01, -4.8404478496903985e-01,
       9.0317052236133533e-01, 1.5106538102946072e+00,
       4.3445990870202122e-01, 1.7033847189288078e+00,
       6.2615110177151301e-01, 1.0632268332605879e+00,
       4.5411563202546795e-01, 4.7885402237494540e-01,
       4.1134051769895108e-01, 4.4039209734809676e-01,
       3.8994986916016805e-01, 8.9291134815193041e-01,
       -5.9661660938873533e-02, 2.1568052414985150e-01,
       -5.9109448657124149e-02, 6.4549394616918465e-01,
       8.2118427365190894e-01, -3.8636410912913610e-01,
       4.4229472853568530e-01, -1.2551119348607637e-01,
       1.3145743123025861e+00, 8.0021406766317260e-01,
       -1.4135202191712565e-01, -4.4743121186942381e-01,
       2.4975121848786253e-02, 6.6765075470674440e-01,
       -3.7518544044737728e-01, -2.3596341331915591e-01,
       -5.8375067814240111e-01, 1.2271503950407883e+00,
       1.4283813024155542e-01, 4.9302584195379773e-01,
       7.2886313567836503e-01, 6.0096685006670603e-01,
       6.8052617297441387e-01, 1.0066110955215888e+00,
       3.5935710051888220e-01, -2.2277037624760153e-02,
       1.5970262810863542e-01, 1.0978345601302160e+00,
       5.5277812107680202e-01, 2.5967415425961649e-01,
       1.6763309289431596e+00, 1.1561323698938621e+00,
       1.8968676204167751e+00, 7.3420216460109111e-01,
       5.0918187377888657e-01, 4.2567939437766528e-01,
       -2.4712462569494839e-01, -3.5107028022070358e-02,
       -2.3888057641585958e-01, -7.6507416080219340e-02,
       6.6116399656671798e-01, 3.2147438644776882e-01,
       2.7832068349782346e-01, 5.4190879984006135e-01,
       -5.8375067814240111e-01, 1.0330060924300186e+00,
       4.2289868237894540e-01, 1.2795121920987078e+00,
       8.2703223853398822e-01, 4.1093312631766282e-01,
       5.6528158476060253e-01, 8.5408478313983446e-02,
       1.0052789149056298e+00, 4.2111191693564654e-01,
       1.3606369474811839e+00, 4.7035536638309650e-01,
       1.2006799965334358e+00, 4.1351465702857593e-01,
       -7.2128934636795386e-02, 1.1290983503374297e+00,
       4.0206662868252946e-01, 1., 1., 1., 1., 1., 1., 1., 1., 1., 1.,
       1., 1., 1., 1., 1., 1., 1., 1., 1., 1., 1., 1., 1., 1., 1., 1.,
       1., 1., 1., 1., 1., 1., 1., 1., 1., 1., 1., 1., 1., 1., 1., 1.,
       1., 1., 1., 1., 1., 1., 1., 1., 1., 1., 1., 1., 1., 1., 1., 1.,
       1., 1., 1., 1., 1., 1., 1., 1., 1., 1., 1., 1., 1., 1., 1., 1.,
       1., 1., 1., 1., 1., 1., 1., 1., 1., 1., 1., 1., 1., 1., 1., 1.,
       1., 1., 1., 1., 1., 1., 1., 1., 1., 1., 1., 1., 1., 1., 1., 1.,
       1., 1., 1., 1., 1., 1., 1., 1., 1., 1., 1., 1., 1., 1., 1., 1.,
       1., 1., 1., 1., 1., 1., 1., 1., 1., 1., 1., 1., 1., 1., 1., 1.,
       1., 1., 1., 1., 1., 1., 1., 1., 1., 1., 1., 1., 1., 1., 1., 1.,
       1., 1., 1., 1., 1., 1., 1., 1., 1., 1., 1., 1., 1., 1., 1., 1.,
       1., 1., 1., 1., 1., 1., 1., 1., 1., 1., 1., 1., 1., 1., 1., 1.,
       1. ]
Essen_mask: !!opencv-matrix
   rows: 385
   cols: 1
   dt: u
   data: [ 0, 1, 1, 1, 1, 1, 1, 1, 1, 1, 1, 1, 1, 0, 0, 1, 1, 1, 0, 1, 0,
       0, 1, 1, 0, 0, 1, 0, 0, 0, 0, 1, 0, 0, 0, 0, 1, 1, 0, 1, 0, 1, 1,
       1, 1, 0, 1, 0, 1, 1, 1, 0, 1, 1, 0, 1, 1, 1, 1, 1, 0, 1, 1, 1, 1,
       0, 0, 1, 0, 1, 1, 0, 0, 1, 0, 1, 1, 1, 0, 1, 0, 0, 0, 0, 1, 0, 0,
       0, 1, 0, 0, 0, 0, 1, 0, 0, 1, 1, 0, 1, 0, 0, 1, 1, 0, 1, 0, 0, 1,
       0, 1, 1, 0, 0, 1, 0, 0, 0, 0, 0, 1, 1, 1, 1, 1, 1, 0, 1, 0, 1, 1,
       0, 1, 0, 0, 1, 0, 0, 0, 1, 0, 0, 0, 0, 0, 1, 1, 1, 0, 0, 1, 0, 1,
       0, 1, 0, 0, 0, 0, 1, 1, 1, 0, 0, 0, 0, 0, 0, 0, 1, 0, 0, 1, 0, 1,
       1, 1, 0, 0, 1, 0, 1, 0, 1, 0, 0, 1, 0, 1, 0, 1, 1, 1, 1, 0, 0, 0,
       1, 0, 1, 0, 0, 1, 0, 0, 0, 0, 0, 0, 1, 0, 1, 1, 1, 0, 0, 1, 0, 1,
       1, 0, 0, 0, 0, 1, 0, 1, 0, 1, 0, 1, 0, 1, 0, 0, 0, 1, 1, 0, 1, 0,
       1, 0, 1, 0, 1, 1, 0, 1, 0, 0, 0, 1, 1, 1, 1, 1, 1, 1, 0, 0, 0, 0,
       0, 0, 0, 0, 1, 0, 1, 0, 0, 0, 0, 1, 0, 0, 1, 1, 1, 0, 0, 1, 1, 1,
       1, 1, 1, 0, 0, 1, 1, 0, 1, 1, 0, 0, 1, 0, 0, 0, 1, 0, 1, 0, 1, 1,
       1, 0, 0, 0, 1, 0, 1, 0, 0, 0, 0, 0, 1, 1, 1, 0, 1, 1, 0, 1, 1, 1,
       0, 1, 0, 0, 0, 1, 1, 1, 1, 1, 1, 1, 1, 0, 1, 0, 1, 0, 0, 0, 0, 0,
       1, 0, 0, 0, 1, 0, 1, 0, 1, 1, 0, 0, 0, 0, 0, 1, 1, 1, 1, 0, 1, 1,
       0, 0, 0, 1, 1, 0, 0, 1, 0, 1, 1, 0 ]
